# Created by Octave 8.3.0, Tue Oct 24 01:47:17 2023 GMT <unknown@DESKTOP-JELU5AC>
# name: Pinc
# type: matrix
# rows: 15
# columns: 16
 -57.899999999999999 -58 -70 -78.099999999999994 -68.700000000000003 -58.299999999999997 -52.799999999999997 -51.299999999999997 -59.5 -64 -55.700000000000003 -52.600000000000001 -56.299999999999997 -63.600000000000001 -60.700000000000003 -53
 -77.900000000000006 -64.400000000000006 -58.200000000000003 -66.599999999999994 -60.600000000000001 -66.400000000000006 -60.600000000000001 -56.5 -61.799999999999997 -60.799999999999997 -60.700000000000003 -67.099999999999994 -52 -60.799999999999997 -54 -49.299999999999997
 -77.799999999999997 -66.599999999999994 -61.399999999999999 -69.400000000000006 -69.099999999999994 -62.100000000000001 -64.200000000000003 -69 -62.5 -60.399999999999999 -60.399999999999999 -71.400000000000006 -66.400000000000006 -59.600000000000001 -64 -67.700000000000003
 -68.900000000000006 -59.5 -61.700000000000003 -70.299999999999997 -69.400000000000006 -52.100000000000001 -48.700000000000003 -54.5 -60.200000000000003 -51.799999999999997 -56.700000000000003 -55.299999999999997 -56.799999999999997 -51.200000000000003 -60.299999999999997 -68.799999999999997
 -55.399999999999999 -63.399999999999999 -51.600000000000001 -49.5 -42.600000000000001 -45.600000000000001 -48.5 -51 -60.299999999999997 -58.600000000000001 -56.799999999999997 -53.299999999999997 -58 -57.299999999999997 -59.700000000000003 -61.299999999999997
 -50.200000000000003 -57.399999999999999 -54.100000000000001 -47.899999999999999 -47.899999999999999 -50.299999999999997 -49.399999999999999 -42.600000000000001 -58.799999999999997 -52.5 -51 -52.200000000000003 -64.900000000000006 -49.899999999999999 -58.600000000000001 -58.299999999999997
 -48.5 -53.399999999999999 -58.700000000000003 -51.799999999999997 -49 -42.700000000000003 -40.700000000000003 -41.5 -54.600000000000001 -52 -47.700000000000003 -53.5 -55 -52.700000000000003 -52.700000000000003 -58.899999999999999
 -64 -65.299999999999997 -61.5 -65.099999999999994 -65.599999999999994 -64.099999999999994 -60.700000000000003 -54.899999999999999 -48.299999999999997 -48.600000000000001 -53.299999999999997 -53.100000000000001 -52.700000000000003 -56.700000000000003 -54.100000000000001 -62.100000000000001
 -60.700000000000003 -58.899999999999999 -52.600000000000001 -49 -56.100000000000001 -52.5 -50.200000000000003 -47 -62.700000000000003 -69.900000000000006 -67.299999999999997 -74.200000000000003 -68.799999999999997 -78.5 -78.799999999999997 -67
 -55.399999999999999 -59.700000000000003 -52.100000000000001 -55.899999999999999 -55.799999999999997 -53.399999999999999 -48.899999999999999 -55.299999999999997 -61.200000000000003 -55.299999999999997 -53.299999999999997 -57.799999999999997 -59.200000000000003 -65.799999999999997 -57.399999999999999 -53.200000000000003
 -50.200000000000003 -63.600000000000001 -61 -52.5 -51 -51.899999999999999 -52.399999999999999 -53.700000000000003 -66.599999999999994 -57.600000000000001 -39.5 -41.5 -43.5 -54.200000000000003 -53.100000000000001 -57.5
 -54.299999999999997 -50.100000000000001 -56.899999999999999 -54.399999999999999 -58.299999999999997 -64.599999999999994 -54.100000000000001 -52.600000000000001 -61.700000000000003 -59.899999999999999 -41.899999999999999 -47 -46 -45.299999999999997 -54.200000000000003 -56.600000000000001
 -63.100000000000001 -59 -52 -52.200000000000003 -57.399999999999999 -52.299999999999997 -55 -59.799999999999997 -72.900000000000006 -68 -54 -47.799999999999997 -47 -41.700000000000003 -52.600000000000001 -59.899999999999999
 -60.700000000000003 -54.5 -56.700000000000003 -61.200000000000003 -60.100000000000001 -61.200000000000003 -55.399999999999999 -57.799999999999997 -74.200000000000003 -60.700000000000003 -52.200000000000003 -57.200000000000003 -55 -47.899999999999999 -47.899999999999999 -55.899999999999999
 -58.299999999999997 -55.200000000000003 -66.400000000000006 -75.700000000000003 -68.200000000000003 -67.900000000000006 -67.099999999999994 -71.099999999999994 -69 -61.200000000000003 -65.400000000000006 -65.5 -67.400000000000006 -62.200000000000003 -63.5 -57.700000000000003


