# Created by Octave 8.3.0, Sun Nov 26 21:17:24 2023 GMT <unknown@DESKTOP-JELU5AC>
# name: Ptot
# type: matrix
# rows: 15
# columns: 16
 -57 -58 -72 -75 -65 -60 -54 -53 -67 -72 -56 -55 -57 -69 -61 -52
 -77 -71 -61 -63 -58 -57 -63 -58 -63 -64 -62 -58 -55 -63 -56 -50
 -75 -68 -71 -80 -63 -61 -64 -72 -63 -58 -65 -66 -64 -59 -66 -68
 -64 -58 -57 -65 -64 -54 -50 -56 -61 -54 -64 -68 -61 -53 -57 -61
 -56 -53 -52 -51 -42 -46 -51 -52 -63 -60 -57 -58 -65 -56 -52 -63
 -51 -62 -54 -52 -50 -49 -51 -43 -59 -54 -49 -55 -59 -58 -57 -54
 -49 -56 -64 -53 -49 -43 -38 -43 -56 -51 -52 -55 -72 -53 -56 -67
 -71 -67 -61 -65 -68 -66 -62 -56 -50 -50 -52 -49 -49 -53 -57 -57
 -69 -61 -49 -51 -56 -53 -51 -49 -63 -70 -67 -82 -69 -81 -78 -75
 -55 -63 -55 -62 -58 -54 -53 -56 -62 -55 -53 -59 -60 -60 -57 -55
 -49 -56 -56 -65 -58 -53 -54 -52 -73 -60 -40 -41 -45 -54 -51 -56
 -55 -55 -55 -60 -64 -58 -53 -54 -64 -63 -44 -47 -48 -41 -54 -54
 -68 -64 -53 -52 -58 -59 -60 -56 -75 -63 -50 -48 -46 -45 -54 -56
 -61 -57 -60 -57 -58 -60 -56 -64 -75 -59 -51 -58 -57 -48 -46 -54
 -59 -58 -67 -68 -70 -64 -78 -68 -80 -66 -63 -62 -65 -57 -64 -56


