# Created by Octave 8.4.0, Mon Dec 25 16:55:32 2023 GMT <unknown@DESKTOP-3FEC9UH>
# name: size_DOI
# type: scalar
2


