# Created by Octave 8.3.0, Tue Oct 24 01:36:17 2023 GMT <unknown@DESKTOP-JELU5AC>
# name: TxRx1
# type: matrix
# rows: 16
# columns: 2
 -1 1
 -0.5 1
 0 1
 0.5 1
 1 1
 1 0.5
 1 0
 1 -0.5
 1 -1
 0.5 -1
 0 -1
 -0.5 -1
 -1 -1
 -1 -0.5
 -1 0
 -1 0.5


