# Created by Octave 8.3.0, Tue Oct 24 01:33:34 2023 GMT <unknown@DESKTOP-JELU5AC>
# name: TxRxpairs
# type: matrix
# rows: 2
# columns: 240
 1 1 1 1 1 1 1 1 1 1 1 1 1 1 1 2 2 2 2 2 2 2 2 2 2 2 2 2 2 2 3 3 3 3 3 3 3 3 3 3 3 3 3 3 3 4 4 4 4 4 4 4 4 4 4 4 4 4 4 4 5 5 5 5 5 5 5 5 5 5 5 5 5 5 5 6 6 6 6 6 6 6 6 6 6 6 6 6 6 6 7 7 7 7 7 7 7 7 7 7 7 7 7 7 7 8 8 8 8 8 8 8 8 8 8 8 8 8 8 8 9 9 9 9 9 9 9 9 9 9 9 9 9 9 9 10 10 10 10 10 10 10 10 10 10 10 10 10 10 10 11 11 11 11 11 11 11 11 11 11 11 11 11 11 11 12 12 12 12 12 12 12 12 12 12 12 12 12 12 12 13 13 13 13 13 13 13 13 13 13 13 13 13 13 13 14 14 14 14 14 14 14 14 14 14 14 14 14 14 14 15 15 15 15 15 15 15 15 15 15 15 15 15 15 15 16 16 16 16 16 16 16 16 16 16 16 16 16 16 16
 2 3 4 5 6 7 8 9 10 11 12 13 14 15 16 1 3 4 5 6 7 8 9 10 11 12 13 14 15 16 1 2 4 5 6 7 8 9 10 11 12 13 14 15 16 1 2 3 5 6 7 8 9 10 11 12 13 14 15 16 1 2 3 4 6 7 8 9 10 11 12 13 14 15 16 1 2 3 4 5 7 8 9 10 11 12 13 14 15 16 1 2 3 4 5 6 8 9 10 11 12 13 14 15 16 1 2 3 4 5 6 7 9 10 11 12 13 14 15 16 1 2 3 4 5 6 7 8 10 11 12 13 14 15 16 1 2 3 4 5 6 7 8 9 11 12 13 14 15 16 1 2 3 4 5 6 7 8 9 10 12 13 14 15 16 1 2 3 4 5 6 7 8 9 10 11 13 14 15 16 1 2 3 4 5 6 7 8 9 10 11 12 14 15 16 1 2 3 4 5 6 7 8 9 10 11 12 13 15 16 1 2 3 4 5 6 7 8 9 10 11 12 13 14 16 1 2 3 4 5 6 7 8 9 10 11 12 13 14 15


