# Created by Octave 8.3.0, Thu Apr 04 05:53:09 2024 GMT <unknown@DESKTOP-JELU5AC>
# name: Pinc
# type: matrix
# rows: 15
# columns: 16
 -58.5 -60.100000000000001 -61 -73 -60 -66.933333329999996 -57.833333330000002 -60.633333329999999 -64.866666670000001 -58.600000000000001 -58 -63.633333329999999 -66 -53 -54 -57.5
 -62.200000000000003 -50.966666670000002 -47.666666669999998 -53.566666669999996 -57.299999999999997 -54.299999999999997 -56.233333330000001 -57.066666669999996 -57.266666669999999 -68.966666669999995 -62.333333330000002 -62.100000000000001 -52.266666669999999 -64.966666669999995 -58 -54.033333329999998
 -72.166666669999998 -54.866666670000001 -50 -52 -65.233333329999994 -53.766666669999999 -59 -66.266666670000006 -58 -54.433333330000004 -59 -58 -62.933333330000004 -63.933333330000004 -62 -62
 -60 -59 -63.733333330000001 -50.433333330000004 -50 -57.966666670000002 -56 -65 -55.133333329999999 -66 -59 -65.033333330000005 -55.100000000000001 -67 -71 -60
 -67.866666670000001 -57.133333329999999 -53 -59.366666670000001 -53.966666670000002 -52.5 -61 -57.100000000000001 -69.366666670000001 -64 -54.666666669999998 -61.066666669999996 -67.966666669999995 -66.900000000000006 -61 -70.933333329999996
 -59 -59.733333330000001 -58.733333330000001 -58.100000000000001 -62.799999999999997 -52.133333329999999 -52 -67.966666669999995 -60.933333330000004 -57.600000000000001 -71.866666670000001 -59 -60.700000000000003 -74.933333329999996 -57.600000000000001 -75.666666669999998
 -60.933333330000004 -59 -65 -66 -57 -67.033333330000005 -46 -47.899999999999999 -58.033333329999998 -53.533333329999998 -59 -57.100000000000001 -55 -63 -63 -62
 -63.366666670000001 -58 -56 -55.033333329999998 -68.166666669999998 -58 -55 -42.833333330000002 -45 -48.866666670000001 -50 -53 -53.200000000000003 -57.033333329999998 -58 -62
 -58.100000000000001 -70.733333329999994 -53.033333329999998 -66.966666669999995 -64 -56 -52.033333329999998 -48.966666670000002 -55.399999999999999 -54.366666670000001 -51.266666669999999 -54.033333329999998 -57.5 -65.966666669999995 -66 -68.733333329999994
 -57.333333330000002 -64 -57.266666669999999 -59.333333330000002 -54.066666669999996 -70.433333329999996 -57.233333330000001 -50.100000000000001 -53.600000000000001 -48 -47.966666670000002 -54.033333329999998 -55.866666670000001 -57 -58 -62.933333330000004
 -63.233333330000001 -64 -56 -66 -61.733333330000001 -57.933333330000004 -55.033333329999998 -52.966666670000002 -55.200000000000003 -54.366666670000001 -49.066666669999996 -50 -46.799999999999997 -58 -60.066666669999996 -55.066666669999996
 -66.033333330000005 -55.166666669999998 -61.933333330000004 -56.399999999999999 -68.700000000000003 -60 -54.266666669999999 -53.233333330000001 -59 -56.033333329999998 -47.933333330000004 -45 -44.766666669999999 -58.933333330000004 -55 -59
 -54.166666669999998 -67.033333330000005 -63.033333329999998 -68.200000000000003 -67.633333329999999 -74.400000000000006 -62.466666670000002 -58 -67.900000000000006 -58 -59 -59 -46.866666670000001 -46.966666670000002 -53.966666670000002 -64
 -50 -54.966666670000002 -54.866666670000001 -65.966666669999995 -55.100000000000001 -52 -55.066666669999996 -53.033333329999998 -61.066666669999996 -54 -55.033333329999998 -50.266666669999999 -48.866666670000001 -45.966666670000002 -51 -55.066666669999996
 -57 -55.133333329999999 -59.333333330000002 -59.799999999999997 -70.133333329999999 -73.599999999999994 -60 -61 -69 -62 -54.966666670000002 -58 -62.299999999999997 -53.200000000000003 -53 -49.833333330000002


