# Created by Octave 8.3.0, Thu Apr 04 06:16:50 2024 GMT <unknown@DESKTOP-JELU5AC>
# name: Ptot
# type: matrix
# rows: 15
# columns: 16
 -58 -60 -67 -68 -63 -63 -58 -64 -68 -69 -63 -60 -67 -54 -55 -56
 -65 -49 -49 -53 -58 -56 -62 -58 -65 -69 -74 -63 -55 -68 -55 -55
 -65 -54 -51 -52 -61 -56 -55 -60 -59 -57 -64 -61 -68 -77 -62 -58
 -62 -58 -61 -50 -50 -57 -58 -64 -56 -68 -62 -63 -54 -85 -60 -58
 -63 -57 -57 -59 -54 -53 -61 -56 -65 -68 -57 -62 -72 -68 -62 -64
 -58 -64 -57 -60 -63 -52 -51 -69 -59 -69 -65 -59 -65 -70 -60 -58
 -63 -58 -60 -65 -56 -68 -45 -47 -57 -64 -66 -57 -56 -59 -64 -60
 -65 -64 -58 -56 -64 -57 -54 -44 -46 -51 -59 -58 -73 -59 -63 -64
 -68 -70 -57 -70 -69 -68 -62 -51 -59 -57 -54 -55 -60 -62 -68 -68
 -60 -73 -63 -61 -56 -62 -64 -57 -54 -51 -52 -58 -63 -57 -56 -62
 -58 -64 -61 -64 -62 -58 -55 -58 -57 -57 -52 -50 -47 -54 -64 -58
 -64 -55 -67 -54 -71 -63 -53 -72 -60 -62 -48 -46 -46 -56 -60 -53
 -53 -68 -78 -85 -68 -70 -58 -60 -64 -58 -57 -57 -48 -46 -54 -59
 -49 -51 -56 -55 -56 -53 -57 -57 -64 -51 -60 -54 -50 -46 -51 -53
 -55 -55 -58 -60 -65 -57 -59 -64 -70 -62 -60 -54 -61 -52 -53 -49


