# Created by Octave 8.3.0, Wed Apr 10 11:03:21 2024 GMT <unknown@DESKTOP-JELU5AC>
# name: Pinc
# type: matrix
# rows: 15
# columns: 16
 -57.200000000000003 -59.066666669999996 -61.733333330000001 -65.099999999999994 -60.033333329999998 -65.166666669999998 -57.966666670000002 -68.766666670000006 -69.599999999999994 -59.066666669999996 -61.033333329999998 -60.633333329999999 -69.099999999999994 -55.033333329999998 -53.966666670000002 -56.100000000000001
 -59.899999999999999 -49.033333329999998 -48.899999999999999 -52.033333329999998 -58.966666670000002 -54.200000000000003 -57 -59.033333329999998 -61 -62.066666669999996 -63.133333329999999 -59 -57.100000000000001 -71.966666669999995 -57.966666670000002 -55
 -62.966666670000002 -52 -52 -52.133333329999999 -68.966666669999995 -55.066666669999996 -63.866666670000001 -63 -65 -54.033333329999998 -62 -58.966666670000002 -63.033333329999998 -61.100000000000001 -60.366666670000001 -59.266666669999999
 -58.966666670000002 -59 -68.966666669999995 -51 -50.133333329999999 -58.033333329999998 -58 -61.966666670000002 -57.066666669999996 -68.933333329999996 -61.966666670000002 -65.366666670000001 -59.266666669999999 -66.333333330000002 -69.333333330000002 -60.033333329999998
 -63.366666670000001 -54.766666669999999 -55.033333329999998 -59.033333329999998 -53.966666670000002 -53.466666670000002 -61.133333329999999 -58.466666670000002 -73 -62.966666670000002 -56.166666669999998 -61.266666669999999 -72.799999999999997 -67 -59 -74.599999999999994
 -56.933333330000004 -57 -63.933333330000004 -58.799999999999997 -61.5 -53.399999999999999 -53.933333330000004 -56 -60 -58 -74.633333329999999 -60 -64.900000000000006 -72.033333330000005 -58.933333330000004 -72.866666670000001
 -67.099999999999994 -59.700000000000003 -63.066666669999996 -62.933333330000004 -59 -56.166666669999998 -46.833333330000002 -47 -55.166666669999998 -53.233333330000001 -60.066666669999996 -57 -58.299999999999997 -68 -62.833333330000002 -65.666666669999998
 -66.066666670000004 -59.966666670000002 -63.766666669999999 -56.833333330000002 -71.900000000000006 -58.399999999999999 -54.133333329999999 -47.133333329999999 -48.633333329999999 -48 -54.633333329999999 -56.066666669999996 -55.033333329999998 -59 -61.200000000000003 -55.200000000000003
 -57.166666669999998 -62.833333330000002 -54.066666669999996 -70.066666670000004 -62.966666670000002 -58.033333329999998 -53.466666670000002 -48 -53 -51.033333329999998 -61 -60 -57.966666670000002 -64 -60 -63.866666670000001
 -58.033333329999998 -62 -60.033333329999998 -60.966666670000002 -55.066666669999996 -73.099999999999994 -59 -53.266666669999999 -61 -48 -49.266666669999999 -55.033333329999998 -58 -59.066666669999996 -58.966666670000002 -61
 -59 -59.266666669999999 -58.966666670000002 -66.133333329999999 -61.966666670000002 -60.166666669999998 -57.100000000000001 -55.966666670000002 -62 -55.066666669999996 -51 -50 -48 -60 -62 -53.966666670000002
 -66.933333329999996 -56.966666670000002 -62.100000000000001 -60 -72.266666670000006 -64 -58 -54.066666669999996 -58 -58.033333329999998 -49 -44.899999999999999 -45.366666670000001 -60.966666670000002 -55.066666669999996 -59.966666670000002
 -53.100000000000001 -71.666666669999998 -60.966666670000002 -66.833333330000002 -66.966666669999995 -71.333333330000002 -67.799999999999997 -58 -65 -59.033333329999998 -61 -60 -51 -51 -61 -63
 -48.899999999999999 -53.399999999999999 -54.299999999999997 -64.033333330000005 -53.733333330000001 -53.366666670000001 -56.566666669999996 -55.200000000000003 -55.066666669999996 -53.299999999999997 -57.266666669999999 -50.133333329999999 -56 -46.566666669999996 -50 -54.966666670000002
 -53.933333330000004 -54.166666669999998 -58.066666669999996 -59.966666670000002 -73.599999999999994 -72 -64.366666670000001 -54.066666669999996 -64 -60 -54.133333329999999 -58.366666670000001 -62.066666669999996 -54.100000000000001 -55.033333329999998 -51.966666670000002


