# Created by Octave 8.3.0, Wed Apr 10 11:15:38 2024 GMT <unknown@DESKTOP-JELU5AC>
# name: Ptot
# type: matrix
# rows: 15
# columns: 16
 -59 -61 -67 -68 -61 -65 -61 -67 -70 -67 -71 -63 -65 -55 -55 -56
 -66 -50 -50 -53 -61 -56 -62 -55 -63 -69 -73 -67 -58 -70 -62 -56
 -66 -53 -52 -52 -65 -54 -58 -62 -68 -56 -62 -62 -64 -70 -59 -68
 -60 -61 -65 -50 -50 -59 -60 -62 -59 -67 -70 -71 -58 -80 -71 -57
 -63 -56 -54 -60 -54 -54 -61 -60 -80 -64 -62 -64 -68 -74 -61 -75
 -60 -62 -56 -61 -61 -53 -54 -60 -60 -56 -79 -61 -64 -77 -60 -68
 -65 -57 -62 -63 -61 -60 -46 -46 -55 -52 -63 -63 -58 -61 -70 -62
 -67 -62 -66 -57 -78 -59 -54 -48 -50 -47 -57 -58 -57 -60 -57 -64
 -66 -70 -56 -68 -64 -57 -52 -47 -51 -50 -65 -63 -63 -81 -71 -71
 -68 -72 -60 -69 -60 -78 -62 -55 -64 -45 -47 -58 -56 -66 -61 -77
 -61 -67 -62 -71 -64 -62 -63 -58 -64 -58 -52 -50 -48 -57 -69 -58
 -63 -58 -64 -59 -68 -64 -57 -56 -63 -56 -49 -46 -46 -59 -57 -57
 -53 -69 -69 -81 -73 -77 -60 -59 -82 -66 -59 -58 -50 -50 -59 -63
 -49 -56 -53 -66 -55 -54 -64 -53 -66 -55 -65 -52 -54 -47 -50 -55
 -54 -55 -68 -56 -74 -67 -61 -63 -71 -75 -59 -55 -63 -55 -50 -47


