# Created by Octave 8.3.0, Wed Apr 10 11:50:29 2024 GMT <unknown@DESKTOP-JELU5AC>
# name: Ptot
# type: matrix
# rows: 15
# columns: 16
 -59 -61 -67 -70 -61 -64 -61 -67 -69 -68 -74 -63 -64 -55 -55 -56
 -66 -50 -50 -53 -61 -56 -61 -55 -63 -69 -69 -65 -58 -70 -61 -56
 -67 -53 -51 -52 -66 -54 -57 -60 -67 -57 -62 -60 -65 -68 -60 -68
 -60 -61 -66 -50 -50 -59 -59 -63 -58 -68 -67 -70 -58 -81 -69 -57
 -62 -56 -54 -59 -53 -54 -62 -61 -77 -65 -62 -64 -69 -74 -62 -71
 -59 -61 -57 -60 -62 -53 -54 -56 -60 -58 -87 -61 -64 -77 -60 -67
 -65 -56 -61 -64 -61 -57 -46 -46 -55 -53 -64 -62 -58 -60 -71 -61
 -65 -61 -66 -57 -75 -59 -54 -49 -50 -46 -56 -58 -57 -61 -56 -64
 -66 -69 -57 -70 -65 -58 -53 -46 -52 -50 -64 -64 -63 -79 -70 -69
 -72 -66 -60 -66 -60 -84 -62 -54 -64 -46 -47 -57 -57 -67 -63 -75
 -62 -65 -60 -71 -65 -62 -62 -58 -65 -57 -52 -51 -48 -58 -75 -56
 -61 -58 -64 -59 -69 -63 -57 -57 -64 -56 -49 -45 -46 -56 -56 -57
 -53 -70 -67 -82 -74 -76 -59 -60 -79 -66 -59 -55 -51 -52 -58 -65
 -49 -55 -54 -63 -56 -55 -65 -52 -66 -57 -72 -52 -54 -46 -50 -54
 -53 -55 -67 -56 -69 -66 -60 -62 -69 -73 -57 -55 -65 -54 -51 -48


